1 1.076923 1.076923 1.076923 1.076923 1.076923 1.076923 1.076923 1.076923 1.076923 1.076923 1.076923 1.076923 1.076923 1.076923 1.076923
2 5.260170 -0.959087 10.394376 1.725922 -0.176641 -5.492523 -2.809864 -3.063851 -1.230030 -15.827159 1.248226 0.914802 -6.285671 0.376080 -2.554335
3 5.517605 -1.005344 1.039355 -0.182490 0.826120 -5.266598 -2.672086 -3.141060 0.469260 -1.471625 1.305219 1.687402 -1.692977 -0.602102 -1.770133
4 5.819608 -2.906972 -2.051569 0.045916 1.141277 3.494907 1.996398 -3.107676 -1.539426 0.950593 1.437204 0.549282 -2.797739 0.547898 -1.710565
5 8.091160 -1.001563 5.514115 -2.685085 -0.289750 4.943882 -0.321781 -3.836641 0.052921 1.962061 1.142832 4.228998 -4.771483 1.565493 1.156184
6 9.602095 3.734667 7.373216 -4.303731 -1.110318 5.310340 1.417358 -4.639327 -1.576266 -3.207208 1.473785 1.992408 0.567480 -1.450244 5.118501
7 9.611718 7.405764 8.854057 -3.678123 -0.623102 1.738057 0.096215 -7.394033 -3.284602 -2.730985 1.492230 0.614527 0.458521 -5.472561 9.595476
8 9.894328 7.059408 9.809116 -3.637243 -0.422715 2.114521 0.978494 -7.405563 1.792734 -3.413061 2.336768 1.046015 2.882229 -1.118664 7.451877
9 10.762650 7.693175 8.583976 -0.030861 0.574735 -0.018157 -0.209311 -3.106713 -0.779884 -5.956341 1.958373 -0.846663 2.034297 -0.785040 5.564732
10 10.675430 7.628926 8.853224 -0.307890 1.348061 1.088897 -0.432444 -2.256618 -1.222638 -3.567716 2.057763 -1.111270 2.452657 -0.494720 1.858127
15 8.656405 3.981632 2.316862 -0.959865 1.617890 1.161118 1.163863 0.599851 -0.995639 -0.305736 2.144962 1.552120 2.352176 2.427484 2.787099
16 9.237689 3.833447 3.995876 2.565518 2.091659 2.659521 2.653884 1.679878 0.560220 -0.596540 2.189582 3.321310 3.575286 2.129755 4.074015
17 9.139917 3.769089 3.976784 2.591462 2.125326 2.680904 2.599283 1.556295 0.575539 -0.655909 2.205075 3.227851 3.589857 2.162203 3.910631
18 9.055857 3.817692 3.983685 2.802522 2.400364 2.868260 2.736586 1.545810 1.193749 0.027058 2.396897 3.357042 3.733379 2.516069 3.954692
19 8.982300 3.278526 3.749619 2.796152 2.411085 2.706892 2.720328 1.561798 1.212017 0.172206 2.393871 3.366353 3.690491 2.531303 3.706217
20 8.983990 3.022428 3.629814 2.641236 2.326641 2.659969 2.674597 1.574774 1.274500 -0.004173 2.254490 3.254584 3.458156 2.591091 2.990537
21 9.095832 3.247660 3.708062 3.037543 2.568252 3.035832 2.756563 1.550064 1.782241 0.193261 2.371241 3.238758 3.541533 2.629501 2.684020
22 9.115640 2.900249 3.704477 3.117938 2.609781 3.111806 2.789002 1.500624 1.621584 0.238880 2.399873 3.319750 3.617886 2.409721 2.753891
23 9.085528 2.977783 3.753133 2.763436 2.365343 2.983228 2.872334 1.171780 1.406664 0.284927 2.057147 2.919142 3.298440 2.185858 2.476029
24 9.053852 3.243424 4.011945 2.967446 2.592718 3.102116 3.137702 1.602116 1.791039 0.764749 2.310720 3.059040 3.492275 2.702439 2.750345
25 8.523583 3.097771 3.925178 2.900918 2.487758 3.029439 3.117861 1.537673 1.760855 0.677758 2.247871 2.834724 3.258373 2.626649 2.738763
30 8.727535 3.561987 3.902911 3.065183 2.844888 3.552667 3.674019 2.029033 2.259403 1.525206 2.213716 3.353199 3.560838 2.856152 2.169920
40 10.533248 6.041941 6.446712 5.765886 5.416919 5.901948 6.205463 5.147414 5.619450 4.907146 4.997717 5.525591 5.277203 5.415997 4.973510
50 11.854135 8.494346 8.894901 8.652100 7.813832 8.432211 8.530766 7.923365 8.550132 7.837483 7.987408 8.192143 8.377100 7.846347 8.286090
60 11.670500 8.024438 8.429480 8.438759 7.884604 7.249602 8.070233 7.482986 8.745947 8.097094 7.831930 8.093699 8.524120 7.848650 7.968220
70 11.947793 8.549804 8.611073 8.874138 8.114812 7.876899 8.623092 8.190269 8.910471 8.492659 8.404994 8.842815 9.152314 8.709402 8.873577
80 12.730185 9.683086 9.394980 9.669600 9.587075 9.533880 9.537307 9.399184 10.100578 9.587362 9.457195 9.517461 10.083133 10.250969 9.865482
90 14.491954 12.583452 12.131445 12.350831 12.318490 12.293648 12.510942 12.131682 12.429824 12.182071 12.385027 12.400371 12.796306 12.861322 12.456533
100 12.154916 10.091653 10.165202 9.987235 9.831822 9.806034 10.361899 10.108507 10.390427 10.251057 10.376513 10.463263 10.283187 10.691027 10.444983
110 11.823306 10.276140 10.776760 10.133918 10.140890 9.622906 10.461662 10.562279 10.281770 10.467408 10.525544 10.368463 10.818039 10.712419 10.633278
120 13.655858 11.557076 11.912747 12.091332 12.297480 11.472304 12.057172 11.878172 12.197257 11.903229 12.355209 12.504227 13.121250 12.870701 12.119761
130 20.954729 18.900997 19.088713 19.024254 19.850077 10.471040 19.293606 19.254097 19.189951 19.581322 19.809002 19.958448 20.960640 19.866982 19.424194
140 -2.136111 -10.299465 -5.640422 -7.575263 -5.778542 -3.673757 -7.245398 -5.091047 -3.341535 -4.803236 -5.136226 -4.138070 -3.448324 -5.614085 -6.165392
150 14.894958 14.968586 14.968774 10.600418 10.243652 13.292831 14.260150 11.258883 10.240372 9.160756 13.071732 13.817800 11.452807 7.604524 8.382682
155 12.293666 18.571064 11.072359 15.538817 10.182021 9.562725 13.542311 7.187591 7.418298 11.021368 12.703823 10.396248 8.612658 6.416913 12.390312
